chr	startpos	endpos	BAF	pval	LogR	ntot	nMaj1_A	nMin1_A	frac1_A	nMaj2_A	nMin2_A	frac2_A	SDfrac_A	SDfrac_A_BS	frac1_A_0.025	frac1_A_0.975	nMaj1_B	nMin1_B	frac1_B	nMaj2_B	nMin2_B	frac2_B	SDfrac_B	SDfrac_B_BS	frac1_B_0.025	frac1_B_0.975	nMaj1_C	nMin1_C	frac1_C	nMaj2_C	nMin2_C	frac2_C	SDfrac_C	SDfrac_C_BS	frac1_C_0.025	frac1_C_0.975	nMaj1_D	nMin1_D	frac1_D	nMaj2_D	nMin2_D	frac2_D	SDfrac_D	SDfrac_D_BS	frac1_D_0.025	frac1_D_0.975	nMaj1_E	nMin1_E	frac1_E	nMaj2_E	nMin2_E	frac2_E	SDfrac_E	SDfrac_E_BS	frac1_E_0.025	frac1_E_0.975	nMaj1_F	nMin1_F	frac1_F	nMaj2_F	nMin2_F	frac2_F	SDfrac_F	SDfrac_F_BS	frac1_F_0.025	frac1_F_0.975
chr1	3728577	248907281	0.5	1	0.0102557752827737	1.98989339765468	1	1	1	NA	NA	NA	NA	NA	NA	NA	NA	NA	NA	NA	NA	NA	NA	NA	NA	NA	NA	NA	NA	NA	NA	NA	NA	NA	NA	NA	NA	NA	NA	NA	NA	NA	NA	NA	NA	NA	NA	NA	NA	NA	NA	NA	NA	NA	NA	NA	NA	NA	NA	NA	NA	NA	NA	NA	NA	NA
chr2	23368	239898306	0.5	1	0.00774257933052324	1.9853491569924	1	1	1	NA	NA	NA	NA	NA	NA	NA	NA	NA	NA	NA	NA	NA	NA	NA	NA	NA	NA	NA	NA	NA	NA	NA	NA	NA	NA	NA	NA	NA	NA	NA	NA	NA	NA	NA	NA	NA	NA	NA	NA	NA	NA	NA	NA	NA	NA	NA	NA	NA	NA	NA	NA	NA	NA	NA	NA	NA
chr3	86573	101636583	0.5	1	0.0169764105782311	2.00208428921633	1	1	1	NA	NA	NA	NA	NA	NA	NA	NA	NA	NA	NA	NA	NA	NA	NA	NA	NA	NA	NA	NA	NA	NA	NA	NA	NA	NA	NA	NA	NA	NA	NA	NA	NA	NA	NA	NA	NA	NA	NA	NA	NA	NA	NA	NA	NA	NA	NA	NA	NA	NA	NA	NA	NA	NA	NA	NA	NA
chr3	101637691	113585934	0.537037037037037	0	-0.0842460804327939	1.82435176981936	1	0	0.180758035937409	1	1	0.819241964062591	0.00344047743508159	0.0033963973135971	0.17026438702938	0.183753013567501	1	0	0.590379017968704	1	2	0.409620982031296	0.00172023871754079	0.00170147440523061	0.584945155814802	0.591689234689921	1	1	0.790320678312605	2	1	0.209679321687395	0.00462950961705166	0.00460376219338995	0.786366779806729	0.803935201506774	0	1	0.395160339156303	2	1	0.604839660843697	0.00231475480852583	0.00233904868814507	0.393004632152201	0.40224943019378	1	1	0.895160339156303	3	1	0.104839660843697	0.00231475480852567	0.00218230084762893	0.893459744609788	0.902236393677846	NA	NA	NA	NA	NA	NA	NA	NA	NA	NA
chr3	113587200	194264069	0.5	1	-0.00026689667381791	1.97091950824625	1	1	1	NA	NA	NA	NA	NA	NA	NA	NA	NA	NA	NA	NA	NA	NA	NA	NA	NA	NA	NA	NA	NA	NA	NA	NA	NA	NA	NA	NA	NA	NA	NA	NA	NA	NA	NA	NA	NA	NA	NA	NA	NA	NA	NA	NA	NA	NA	NA	NA	NA	NA	NA	NA	NA	NA	NA	NA	NA
chr4	74746	125966	0.503012048192771	1	0.306911484413074	2.58594228989564	1	1	1	NA	NA	NA	NA	NA	NA	NA	NA	NA	NA	NA	NA	NA	NA	NA	NA	NA	NA	NA	NA	NA	NA	NA	NA	NA	NA	NA	NA	NA	NA	NA	NA	NA	NA	NA	NA	NA	NA	NA	NA	NA	NA	NA	NA	NA	NA	NA	NA	NA	NA	NA	NA	NA	NA	NA	NA	NA
chr4	4161241	186952428	0.5	1	0.00354335900441466	1.97777396903852	1	1	1	NA	NA	NA	NA	NA	NA	NA	NA	NA	NA	NA	NA	NA	NA	NA	NA	NA	NA	NA	NA	NA	NA	NA	NA	NA	NA	NA	NA	NA	NA	NA	NA	NA	NA	NA	NA	NA	NA	NA	NA	NA	NA	NA	NA	NA	NA	NA	NA	NA	NA	NA	NA	NA	NA	NA	NA	NA
chr5	2227453	175739950	0.5	1	0.0571182907900914	2.07609421665706	1	1	1	NA	NA	NA	NA	NA	NA	NA	NA	NA	NA	NA	NA	NA	NA	NA	NA	NA	NA	NA	NA	NA	NA	NA	NA	NA	NA	NA	NA	NA	NA	NA	NA	NA	NA	NA	NA	NA	NA	NA	NA	NA	NA	NA	NA	NA	NA	NA	NA	NA	NA	NA	NA	NA	NA	NA	NA	NA
chr6	151679	60567256	0.5	1	0.0132683710966709	1.99535107150481	1	1	1	NA	NA	NA	NA	NA	NA	NA	NA	NA	NA	NA	NA	NA	NA	NA	NA	NA	NA	NA	NA	NA	NA	NA	NA	NA	NA	NA	NA	NA	NA	NA	NA	NA	NA	NA	NA	NA	NA	NA	NA	NA	NA	NA	NA	NA	NA	NA	NA	NA	NA	NA	NA	NA	NA	NA	NA	NA
chr6	60568434	61772100	0.622222222222222	0	-0.313394758719621	1.46522418556709	1	0	0.514837620214583	1	1	0.485162379785417	0.00695377986478479	0.00715616317060175	0.490577225722593	0.51886075228874	1	0	0.757418810107292	1	2	0.242581189892708	0.00347688993239242	0.00348086271083223	0.745528523838892	0.759326181897551	0	0	0.799090978470097	1	0	0.200909021529903	0.00446958623882271	0.00436323398267887	0.796337001845582	0.814285293921792	0	0	0.899545489235048	2	0	0.100454510764952	0.00223479311941138	0.00210814860063926	0.898644510051147	0.906948438435648	NA	NA	NA	NA	NA	NA	NA	NA	NA	NA	NA	NA	NA	NA	NA	NA	NA	NA	NA	NA
chr6	61772448	64652358	0.583333333333333	0	-0.251859239743067	1.55613289213188	1	0	0.37442736015606	1	1	0.62557263984394	0.00640516628182689	0.00637280922681022	0.361947833803402	0.386695270651766	1	0	0.68721368007803	1	2	0.31278631992197	0.00320258314091354	0.00309450460298978	0.680867274002717	0.69286272151529	0	0	0.875801695781515	1	0	0.124198304218485	0.00297447226379138	0.00294595750799748	0.87021090148547	0.881765185172004	0	0	0.937900847890757	2	0	0.0620991521092426	0.00148723613189566	0.00151376826894639	0.93480692747548	0.940801490596101	NA	NA	NA	NA	NA	NA	NA	NA	NA	NA	NA	NA	NA	NA	NA	NA	NA	NA	NA	NA
chr6	64659708	66576890	0.696969696969697	0.0000000000000000000000000000000000000000000000000000000000000000000000000000000000000000000000000000000000000000564277931307684	-0.552454691119801	1.14665328047419	1	0	0.740714995091339	1	1	0.259285004908661	0.00995158639624782	0.00967143909878463	0.726092947276605	0.763540326123591	1	0	0.870357497545669	1	2	0.129642502454331	0.00497579319812391	0.0048275315027446	0.862249990171756	0.881272542056046	0	0	0.596355511289921	1	0	0.403644488710079	0.0124744163570966	0.0126677626460759	0.562006437853068	0.613874094422997	0	0	0.79817775564496	2	0	0.20182224435504	0.00623720817854828	0.0063297686835832	0.782986434638133	0.808331618584267	NA	NA	NA	NA	NA	NA	NA	NA	NA	NA	NA	NA	NA	NA	NA	NA	NA	NA	NA	NA
chr6	66577571	68606346	0.65	0	-0.342593709203625	1.42342532473688	1	0	0.604844197175176	1	1	0.395155802824824	0.00586888415447229	0.00583581206070384	0.581257278313023	0.604511835654191	1	0	0.802422098587588	1	2	0.197577901412412	0.00293444207723609	0.00299267493084689	0.791006834256909	0.803049788487573	2	0	0.0663826587136378	2	1	0.933617341286362	0.0103472535862253	0.0106830553182272	0.024786125895649	0.0657442263961589	2	0	0.533191329356819	2	2	0.466808670643181	0.00517362679311278	0.00520328112986862	0.512695102293411	0.532770203361637	NA	NA	NA	NA	NA	NA	NA	NA	NA	NA	NA	NA	NA	NA	NA	NA	NA	NA	NA	NA
chr6	68607098	169174473	0.810810810810811	1	-0.689177015947516	1.07305749893756	1	0	1	NA	NA	NA	NA	NA	NA	NA	NA	NA	NA	NA	NA	NA	NA	NA	NA	NA	NA	NA	NA	NA	NA	NA	NA	NA	NA	NA	NA	NA	NA	NA	NA	NA	NA	NA	NA	NA	NA	NA	NA	NA	NA	NA	NA	NA	NA	NA	NA	NA	NA	NA	NA	NA	NA	NA	NA	NA
chr7	2703420	159321577	0.5	1	0.0180093746072335	2.00396307379881	1	1	1	NA	NA	NA	NA	NA	NA	NA	NA	NA	NA	NA	NA	NA	NA	NA	NA	NA	NA	NA	NA	NA	NA	NA	NA	NA	NA	NA	NA	NA	NA	NA	NA	NA	NA	NA	NA	NA	NA	NA	NA	NA	NA	NA	NA	NA	NA	NA	NA	NA	NA	NA	NA	NA	NA	NA	NA	NA
chr8	212357	140125918	0.638297872340426	1	0.48275906465887	3.00165026931159	2	1	1	NA	NA	NA	NA	NA	NA	NA	NA	NA	NA	NA	NA	NA	NA	NA	NA	NA	NA	NA	NA	NA	NA	NA	NA	NA	NA	NA	NA	NA	NA	NA	NA	NA	NA	NA	NA	NA	NA	NA	NA	NA	NA	NA	NA	NA	NA	NA	NA	NA	NA	NA	NA	NA	NA	NA	NA	NA
chr9	202645	38743740	0.5	1	0.034301642959888	2.03377454094084	1	1	1	NA	NA	NA	NA	NA	NA	NA	NA	NA	NA	NA	NA	NA	NA	NA	NA	NA	NA	NA	NA	NA	NA	NA	NA	NA	NA	NA	NA	NA	NA	NA	NA	NA	NA	NA	NA	NA	NA	NA	NA	NA	NA	NA	NA	NA	NA	NA	NA	NA	NA	NA	NA	NA	NA	NA	NA	NA
chr9	61665428	61734028	0.525423728813559	0.0832483671011653	0.0176201356565803	2.00325495689016	1	1	1	NA	NA	NA	NA	NA	NA	NA	NA	NA	NA	NA	NA	NA	NA	NA	NA	NA	NA	NA	NA	NA	NA	NA	NA	NA	NA	NA	NA	NA	NA	NA	NA	NA	NA	NA	NA	NA	NA	NA	NA	NA	NA	NA	NA	NA	NA	NA	NA	NA	NA	NA	NA	NA	NA	NA	NA	NA
chr9	68410561	135065238	0.5	1	-0.00161379382789007	1.96850083459427	1	1	1	NA	NA	NA	NA	NA	NA	NA	NA	NA	NA	NA	NA	NA	NA	NA	NA	NA	NA	NA	NA	NA	NA	NA	NA	NA	NA	NA	NA	NA	NA	NA	NA	NA	NA	NA	NA	NA	NA	NA	NA	NA	NA	NA	NA	NA	NA	NA	NA	NA	NA	NA	NA	NA	NA	NA	NA	NA
chr10	934090	131956725	0.5	1	0.0126423531154526	1.99421602760645	1	1	1	NA	NA	NA	NA	NA	NA	NA	NA	NA	NA	NA	NA	NA	NA	NA	NA	NA	NA	NA	NA	NA	NA	NA	NA	NA	NA	NA	NA	NA	NA	NA	NA	NA	NA	NA	NA	NA	NA	NA	NA	NA	NA	NA	NA	NA	NA	NA	NA	NA	NA	NA	NA	NA	NA	NA	NA	NA
chr11	4374799	50818206	0.520833333333333	0	-0.0414350625637643	1.89800308148777	1	0	0.104839660843696	1	1	0.895160339156304	0.00201927036306798	0.00201017560692531	0.103303788881304	0.111179719978937	1	0	0.552419830421848	1	2	0.447580169578152	0.00100963518153396	0.000979214047210279	0.551730918548806	0.555518682756696	1	1	0.886043846909026	2	1	0.113956153090974	0.0023857166813272	0.00235889158262302	0.878897676267359	0.887775773402741	0	1	0.443021923454513	2	1	0.556978076545487	0.00119285834066357	0.00118814780808215	0.43950832274448	0.444091966006839	1	1	0.943021923454513	3	1	0.0569780765454867	0.00119285834066346	0.00118972475646163	0.939382724230909	0.944083186843354	NA	NA	NA	NA	NA	NA	NA	NA	NA	NA
chr11	54551340	135075628	0.5	1	0.015001535667905	1.99849607236463	1	1	1	NA	NA	NA	NA	NA	NA	NA	NA	NA	NA	NA	NA	NA	NA	NA	NA	NA	NA	NA	NA	NA	NA	NA	NA	NA	NA	NA	NA	NA	NA	NA	NA	NA	NA	NA	NA	NA	NA	NA	NA	NA	NA	NA	NA	NA	NA	NA	NA	NA	NA	NA	NA	NA	NA	NA	NA	NA
chr12	92928	29746825	0.80952380952381	1	-0.660930860603121	1.01861795460455	1	0	1	NA	NA	NA	NA	NA	NA	NA	NA	NA	NA	NA	NA	NA	NA	NA	NA	NA	NA	NA	NA	NA	NA	NA	NA	NA	NA	NA	NA	NA	NA	NA	NA	NA	NA	NA	NA	NA	NA	NA	NA	NA	NA	NA	NA	NA	NA	NA	NA	NA	NA	NA	NA	NA	NA	NA	NA	NA
chr12	29748525	34636131	0.644444444444444	0	-0.338316426555654	1.42949557806932	1	0	0.587463616796578	1	1	0.412536383203422	0.00451823093126852	0.00465219948426114	0.579098709560821	0.59694866973285	1	0	0.793731808398289	1	2	0.206268191601711	0.00225911546563423	0.0021754308416797	0.789860137954138	0.798420476994152	2	0	0.0357394788655422	2	1	0.964260521134458	0.00796595740799161	0.00799605955214171	0.0207463823548211	0.0529222504008969	2	0	0.517869739432771	2	2	0.482130260567229	0.00398297870399589	0.0039743583116737	0.51058290312687	0.52620887960676	NA	NA	NA	NA	NA	NA	NA	NA	NA	NA	NA	NA	NA	NA	NA	NA	NA	NA	NA	NA
chr12	34658471	130329189	0.5	1	0.0143838379330651	1.99737476455687	1	1	1	NA	NA	NA	NA	NA	NA	NA	NA	NA	NA	NA	NA	NA	NA	NA	NA	NA	NA	NA	NA	NA	NA	NA	NA	NA	NA	NA	NA	NA	NA	NA	NA	NA	NA	NA	NA	NA	NA	NA	NA	NA	NA	NA	NA	NA	NA	NA	NA	NA	NA	NA	NA	NA	NA	NA	NA	NA
chr13	22043126	110499612	0.5	1	0.0187893521874637	2.0053826110044	1	1	1	NA	NA	NA	NA	NA	NA	NA	NA	NA	NA	NA	NA	NA	NA	NA	NA	NA	NA	NA	NA	NA	NA	NA	NA	NA	NA	NA	NA	NA	NA	NA	NA	NA	NA	NA	NA	NA	NA	NA	NA	NA	NA	NA	NA	NA	NA	NA	NA	NA	NA	NA	NA	NA	NA	NA	NA	NA
chr14	19970463	101467830	0.5	1	0.0160742234223474	2.00044446552048	1	1	1	NA	NA	NA	NA	NA	NA	NA	NA	NA	NA	NA	NA	NA	NA	NA	NA	NA	NA	NA	NA	NA	NA	NA	NA	NA	NA	NA	NA	NA	NA	NA	NA	NA	NA	NA	NA	NA	NA	NA	NA	NA	NA	NA	NA	NA	NA	NA	NA	NA	NA	NA	NA	NA	NA	NA	NA	NA
chr14	106382063	106881246	0.518518518518518	0.632539114961689	0.392888536522202	2.78286831232606	1	1	1	NA	NA	NA	NA	NA	NA	NA	NA	NA	NA	NA	NA	NA	NA	NA	NA	NA	NA	NA	NA	NA	NA	NA	NA	NA	NA	NA	NA	NA	NA	NA	NA	NA	NA	NA	NA	NA	NA	NA	NA	NA	NA	NA	NA	NA	NA	NA	NA	NA	NA	NA	NA	NA	NA	NA	NA	NA
chr15	17010697	19987698	0.554563492063493	0.0000354769079188747	0.301060242770862	2.57296203893089	1	1	0.678943132160163	2	1	0.321056867839837	0.0970225284923869	0.103441154477443	0.356202866469396	0.760311092362361	0	1	0.339471566080081	2	1	0.660528433919919	0.0485112642461933	0.0523221461053537	0.181632308390642	0.384765449800166	1	1	0.839471566080082	3	1	0.160528433919918	0.0485112642461932	0.051677654722182	0.679113941458727	0.883386116129123	2	1	0.45465927309497	2	2	0.54534072690503	0.110317352364634	0.103496344564363	0.362959155324559	0.759318824293658	2	0	0.227329636547485	2	2	0.772670363452515	0.0551586761823173	0.0519236889679093	0.178832141805744	0.386615098868284	2	1	0.727329636547485	2	3	0.272670363452515	0.0551586761823172	0.0522247799770063	0.678393841734344	0.882670738895748
chr15	22775760	24035606	0.806451612903226	1	-0.684566950985114	0.991974606834429	1	0	1	NA	NA	NA	NA	NA	NA	NA	NA	NA	NA	NA	NA	NA	NA	NA	NA	NA	NA	NA	NA	NA	NA	NA	NA	NA	NA	NA	NA	NA	NA	NA	NA	NA	NA	NA	NA	NA	NA	NA	NA	NA	NA	NA	NA	NA	NA	NA	NA	NA	NA	NA	NA	NA	NA	NA	NA	NA
chr15	24041099	24340387	0.592592592592593	0.0000000000000000000000000000000000000000000000194177402335706	-0.289582539737003	1.49994369381714	1	0	0.409529925170694	1	1	0.590470074829306	0.0184325997682928	0.018458002372242	0.395755212622913	0.46916849230463	1	0	0.704764962585347	1	2	0.295235037414653	0.00921629988414641	0.00905460324227108	0.697104423170602	0.732757034026609	0	0	0.858865563388083	1	0	0.141134436611917	0.00924048793220783	0.00967411862478269	0.828152793975164	0.866517453266521	0	0	0.929432781694042	2	0	0.0705672183059585	0.004620243966104	0.00470474194990828	0.914413138230363	0.933576854432001	NA	NA	NA	NA	NA	NA	NA	NA	NA	NA	NA	NA	NA	NA	NA	NA	NA	NA	NA	NA
chr15	24554698	25940966	0.808510638297872	1	-0.698816657865219	1.05270856176002	1	0	1	NA	NA	NA	NA	NA	NA	NA	NA	NA	NA	NA	NA	NA	NA	NA	NA	NA	NA	NA	NA	NA	NA	NA	NA	NA	NA	NA	NA	NA	NA	NA	NA	NA	NA	NA	NA	NA	NA	NA	NA	NA	NA	NA	NA	NA	NA	NA	NA	NA	NA	NA	NA	NA	NA	NA	NA	NA
chr15	25941282	28082760	0.604166666666667	0	-0.298398434071653	1.48702278708553	1	0	0.451895089843523	1	1	0.548104910156477	0.00700320635014623	0.00705494313562363	0.451350529236486	0.478362493570559	1	0	0.725947544921761	1	2	0.274052455078239	0.00350160317507303	0.00341003947528574	0.725268014548676	0.739393995461659	0	0	0.836581178659887	1	0	0.163418821340113	0.00386555441160186	0.00377914953181644	0.822069537415403	0.836602244149999	0	0	0.918290589329943	2	0	0.0817094106700568	0.00193277720580104	0.00191081625144873	0.911066519206705	0.918291362429459	NA	NA	NA	NA	NA	NA	NA	NA	NA	NA	NA	NA	NA	NA	NA	NA	NA	NA	NA	NA
chr15	28083339	48208835	0.80952380952381	1	-0.674399516783496	1.0616112217752	1	0	1	NA	NA	NA	NA	NA	NA	NA	NA	NA	NA	NA	NA	NA	NA	NA	NA	NA	NA	NA	NA	NA	NA	NA	NA	NA	NA	NA	NA	NA	NA	NA	NA	NA	NA	NA	NA	NA	NA	NA	NA	NA	NA	NA	NA	NA	NA	NA	NA	NA	NA	NA	NA	NA	NA	NA	NA	NA
chr15	48228393	100335809	0.515151515151515	0.00000000000000000000000000000000000000000000000000000000000000000000000000000000000000000000000000000000000000000000000000000000000000000000000000000000000000000000000000000000000000000000000000000000000000000000000000000000000000000000000000000000000000000000000000000000000000000000000000000000000000638008567996541	0.0587943462052511	2.07922938512789	1	1	0.918094014965862	2	1	0.0819059850341383	0.0022877248545814	0.00220916389750564	0.911618168518949	0.920480695099321	0	1	0.459047007482931	2	1	0.540952992517069	0.00114386242729062	0.00115053742135948	0.455908365556286	0.460432200211805	1	1	0.959047007482931	3	1	0.0409529925170689	0.00114386242729059	0.0010965221010911	0.955903222778903	0.960337018932282	1	0	0.0770879859144826	1	1	0.922912014085517	0.00202649659122761	0.00198730016328089	0.0746642911833209	0.0824468806531826	1	0	0.538543992957241	1	2	0.461456007042759	0.00101324829561389	0.00100121524357629	0.537283461615901	0.541175778024279	NA	NA	NA	NA	NA	NA	NA	NA	NA	NA
chr15	100338267	101239882	0.589953762084909	0.00000000000000000000000000000000000000000000000000000000000000000000000000000000000000000000000000857169688397644	0.541473187765603	3.15212402481528	2	1	0.704590085866601	2	2	0.295409914133399	0.0138561227714136	0.0142432114629881	0.662672832707999	0.717921805010594	2	0	0.3522950429333	2	2	0.6477049570667	0.00692806138570676	0.00696251511413571	0.331435758520462	0.358483557820597	2	1	0.8522950429333	2	3	0.1477049570667	0.00692806138570667	0.00692188482652914	0.831998602271936	0.858286930420692	1	1	0.425020824691159	2	1	0.574979175308841	0.0162685284166608	0.0160720208106378	0.409315323041848	0.473895849707624	0	1	0.212510412345579	2	1	0.787489587654421	0.00813426420833034	0.00818081674750549	0.204913191422831	0.237345070646801	1	1	0.71251041234558	3	1	0.28748958765442	0.00813426420833063	0.00810033063985527	0.705004825427283	0.736848923857977
chr15	101241729	101863123	0.5	1	0.401797085035545	2.80395195458665	1	1	1	NA	NA	NA	NA	NA	NA	NA	NA	NA	NA	NA	NA	NA	NA	NA	NA	NA	NA	NA	NA	NA	NA	NA	NA	NA	NA	NA	NA	NA	NA	NA	NA	NA	NA	NA	NA	NA	NA	NA	NA	NA	NA	NA	NA	NA	NA	NA	NA	NA	NA	NA	NA	NA	NA	NA	NA	NA
chr16	1537066	89558362	0.5	1	0.0161889139244305	2.00065287114459	1	1	1	NA	NA	NA	NA	NA	NA	NA	NA	NA	NA	NA	NA	NA	NA	NA	NA	NA	NA	NA	NA	NA	NA	NA	NA	NA	NA	NA	NA	NA	NA	NA	NA	NA	NA	NA	NA	NA	NA	NA	NA	NA	NA	NA	NA	NA	NA	NA	NA	NA	NA	NA	NA	NA	NA	NA	NA	NA
chr17	143015	81737436	0.5	1	0.0214827918311879	2.01029050040672	1	1	1	NA	NA	NA	NA	NA	NA	NA	NA	NA	NA	NA	NA	NA	NA	NA	NA	NA	NA	NA	NA	NA	NA	NA	NA	NA	NA	NA	NA	NA	NA	NA	NA	NA	NA	NA	NA	NA	NA	NA	NA	NA	NA	NA	NA	NA	NA	NA	NA	NA	NA	NA	NA	NA	NA	NA	NA	NA
chr18	159281	80031647	0.5	1	0.0255925815941384	2.01779689166059	1	1	1	NA	NA	NA	NA	NA	NA	NA	NA	NA	NA	NA	NA	NA	NA	NA	NA	NA	NA	NA	NA	NA	NA	NA	NA	NA	NA	NA	NA	NA	NA	NA	NA	NA	NA	NA	NA	NA	NA	NA	NA	NA	NA	NA	NA	NA	NA	NA	NA	NA	NA	NA	NA	NA	NA	NA	NA	NA
chr19	7064149	58517792	0.5	1	0.0299553752486104	2.02578881912579	1	1	1	NA	NA	NA	NA	NA	NA	NA	NA	NA	NA	NA	NA	NA	NA	NA	NA	NA	NA	NA	NA	NA	NA	NA	NA	NA	NA	NA	NA	NA	NA	NA	NA	NA	NA	NA	NA	NA	NA	NA	NA	NA	NA	NA	NA	NA	NA	NA	NA	NA	NA	NA	NA	NA	NA	NA	NA	NA
chr20	88108	64285141	0.5	1	0.0308292308631153	2.02739248754613	1	1	1	NA	NA	NA	NA	NA	NA	NA	NA	NA	NA	NA	NA	NA	NA	NA	NA	NA	NA	NA	NA	NA	NA	NA	NA	NA	NA	NA	NA	NA	NA	NA	NA	NA	NA	NA	NA	NA	NA	NA	NA	NA	NA	NA	NA	NA	NA	NA	NA	NA	NA	NA	NA	NA	NA	NA	NA	NA
chr21	13813275	43034905	0.5	1	0.0215033165667733	2.01032793503454	1	1	1	NA	NA	NA	NA	NA	NA	NA	NA	NA	NA	NA	NA	NA	NA	NA	NA	NA	NA	NA	NA	NA	NA	NA	NA	NA	NA	NA	NA	NA	NA	NA	NA	NA	NA	NA	NA	NA	NA	NA	NA	NA	NA	NA	NA	NA	NA	NA	NA	NA	NA	NA	NA	NA	NA	NA	NA	NA
chr22	17381513	20909955	0.5	1	0.00864938996663807	1.98698789582236	1	1	1	NA	NA	NA	NA	NA	NA	NA	NA	NA	NA	NA	NA	NA	NA	NA	NA	NA	NA	NA	NA	NA	NA	NA	NA	NA	NA	NA	NA	NA	NA	NA	NA	NA	NA	NA	NA	NA	NA	NA	NA	NA	NA	NA	NA	NA	NA	NA	NA	NA	NA	NA	NA	NA	NA	NA	NA	NA
chr22	20951185	37864674	0.862068965517241	0.000000000000000000000000000000000000000000000000000000000000000000000000000000000000000000000000000000000000000000000000000000000000000000000000000000000000000000000000000000000000000000000000000000000000000000000000000000000000000000000000000000000000000000000000000000000000000000000000193780025515461	-0.803072961676969	1.70260274286762	1	0	0.36989725713238	2	0	0.63010274286762	0.0108487738427537	0.0101892108183772	0.436881269103565	0.477619552337172	0	0	0.18494862856619	2	0	0.81505137143381	0.00542438692137687	0.00478391462164456	0.218607462073983	0.237835468784309	1	0	0.684948628566191	3	0	0.315051371433809	0.00542438692137687	0.00506600727099717	0.718789042483924	0.738874115634826	2	0	0.940816438858819	2	1	0.0591835611411808	0.00206661841062078	0.00205365132874995	0.9195530130079	0.927504416698337	2	0	0.97040821942941	2	2	0.0295917805705904	0.00103330920531036	0.00107011295195447	0.959615076135497	0.963811544787888	NA	NA	NA	NA	NA	NA	NA	NA	NA	NA
chr22	37894045	49819175	0.5	1	0.015156646829003	1.99877772135741	1	1	1	NA	NA	NA	NA	NA	NA	NA	NA	NA	NA	NA	NA	NA	NA	NA	NA	NA	NA	NA	NA	NA	NA	NA	NA	NA	NA	NA	NA	NA	NA	NA	NA	NA	NA	NA	NA	NA	NA	NA	NA	NA	NA	NA	NA	NA	NA	NA	NA	NA	NA	NA	NA	NA	NA	NA	NA	NA
chrX	251088	58531947	0.5	1	0.0346596204833252	2.03443335272593	1	1	1	NA	NA	NA	NA	NA	NA	NA	NA	NA	NA	NA	NA	NA	NA	NA	NA	NA	NA	NA	NA	NA	NA	NA	NA	NA	NA	NA	NA	NA	NA	NA	NA	NA	NA	NA	NA	NA	NA	NA	NA	NA	NA	NA	NA	NA	NA	NA	NA	NA	NA	NA	NA	NA	NA	NA	NA	NA
chrX	62508655	156000831	0.506666666666667	1	-0.0018356787165221	1.96810260418182	1	1	1	NA	NA	NA	NA	NA	NA	NA	NA	NA	NA	NA	NA	NA	NA	NA	NA	NA	NA	NA	NA	NA	NA	NA	NA	NA	NA	NA	NA	NA	NA	NA	NA	NA	NA	NA	NA	NA	NA	NA	NA	NA	NA	NA	NA	NA	NA	NA	NA	NA	NA	NA	NA	NA	NA	NA	NA	NA
